decryptor
encryptor
crypto.ks
[73, 72, -109, 43, -74, 71, -106, 76, -1, 36, -9, -119, -104, 20, -36, 105, 22, -31, -103, -9, -89, 117, -92, -46, 123, -81, 31, -5, -58, 58, -1, 30, -103, -49, -3, 56, 89, 33, 31, 27, 78, 114, -77, 53, -78, -106, 95, 18, 105, -23, 24, -34, -94, -23, 47, -95, -125, 113, 45, -115, 101, -118, -118, -126, -29, -110, -28, 7, 113, 73, -122, -34, -90, -18, -56, 28, 32, 54, -128, 66, -80, 12, -46, -121, 20, -68, 77, 77, -123, -119, 28, -3, -41, -53, 14, -78, 114, 90, 19, 5, -89, -83, -4, -80, 58, -113, 95, -6, 66, 34, -119, 112, -59, -104, -119, -19, -14, 86, -20, 88, -27, 58, -105, -70, 59, 80, 116, 41]
output.txt.enc
pDut6LNA
DJc8k7W9
[34, -91, 68, 57, 85, 5, 69, -68, -46, -98, 101, 2, 82, 102, 98, 41]
AES
128
16
46
[48, 44, 2, 20, 88, -55, 98, 97, -95, -48, -125, -38, 45, -19, 74, -113, 25, 33, 96, -51, -62, 92, 13, 33, 2, 20, 65, 62, 63, -71, -101, 60, 61, -2, -98, 65, 44, -85, 93, -17, -90, -96, -3, 123, -104, -59]
SunJCE
SUN
SunJCE
SunJCE
AES/CBC/PKCS5Padding
RSA
DSA
JCEKS
